y,x11,x12,x13,x14,x15,x21,x22,x23,x24,x25
1,148,53,15,0,0,152,48,18,9,5
1,228,90,36,12,0,228,95,43,13,5
0,92,35,13,13,5,88,11,3,0,0
1,56,24,12,0,0,60,15,11,5,5
0,144,48,22,10,6,140,43,3,0,0
1,40,13,9,0,0,44,15,11,5,5
0,48,16,8,5,5,44,5,3,0,0
0,172,57,23,8,1,172,56,14,8,0
0,204,76,30,9,5,204,82,34,16,0
1,120,35,13,4,0,124,39,11,5,4
0,120,74,38,32,1,120,78,0,0,0
0,76,29,27,12,1,76,2,0,0,0
1,88,16,0,0,0,92,27,11,5,5
0,24,5,5,5,5,20,6,0,0,0
1,44,11,3,0,0,48,17,11,5,5
1,60,10,4,4,0,60,33,19,13,5
1,20,4,0,0,0,20,5,5,5,5
0,64,26,12,9,5,60,13,3,0,0
1,44,4,4,4,0,48,25,11,5,5
0,120,29,13,10,6,116,31,3,0,0
0,36,15,11,5,5,36,8,4,4,0
0,168,56,18,9,5,168,58,30,12,0
1,40,7,3,0,0,44,21,11,5,4
0,108,31,11,5,4,104,43,27,12,0
1,76,17,7,4,0,80,31,13,13,5
0,60,21,11,5,5,56,19,3,0,0
0,44,13,5,5,4,44,28,16,4,0
0,44,9,5,5,5,44,10,6,0,0
1,32,2,0,0,0,36,10,8,5,5
1,64,15,7,4,0,64,9,5,5,5
0,220,57,23,5,4,216,66,24,12,0
1,80,30,18,12,0,84,29,9,9,5
0,32,5,5,5,4,28,4,0,0,0
1,40,10,6,0,0,44,9,5,5,5
0,72,28,8,5,5,68,23,3,0,0
0,84,37,17,17,4,84,35,17,8,0
1,92,32,22,4,0,96,32,8,5,5
0,28,9,5,5,4,24,6,4,4,0
0,116,33,15,15,7,116,32,10,4,0
1,64,20,6,0,0,68,36,8,5,5
0,20,5,5,5,5,16,0,0,0,0
0,180,63,21,9,5,180,67,27,12,0
1,104,20,4,4,0,108,40,22,13,4
0,48,21,5,5,4,44,13,3,0,0
1,32,8,0,0,0,36,12,8,5,5
1,132,47,13,4,0,132,40,16,4,1
0,120,45,21,9,5,116,31,9,0,0
0,68,33,17,5,4,68,17,9,0,0
0,128,51,17,8,1,128,43,13,4,0
1,124,41,7,4,0,128,42,20,17,5
0,24,5,5,5,5,20,2,0,0,0
0,36,5,5,5,5,36,8,0,0,0
0,124,70,40,25,4,124,34,10,4,0
0,100,32,8,5,4,100,34,12,0,0
0,48,11,5,5,4,48,5,3,0,0
1,72,30,4,4,0,76,23,5,5,5
1,128,38,20,8,0,128,42,12,6,6
1,20,6,0,0,0,20,5,5,5,4
0,188,68,22,13,5,184,71,19,4,0
1,160,46,22,4,0,164,61,25,13,4
1,60,11,3,0,0,60,9,5,5,5
0,32,11,5,5,5,28,0,0,0,0
0,264,98,24,9,4,264,115,47,32,0
0,56,9,5,5,5,56,14,4,4,0
0,84,16,8,5,4,84,19,11,8,0
1,68,15,3,0,0,72,31,11,5,5
0,144,53,27,21,5,140,43,17,8,0
1,72,14,10,4,0,76,18,8,5,4
0,76,29,11,5,5,72,14,6,0,0
1,32,4,0,0,0,36,18,12,9,4
0,36,9,5,5,5,32,11,3,0,0
1,44,7,3,0,0,48,17,11,5,5
1,216,62,30,12,0,216,81,31,4,1
1,152,38,20,8,0,152,67,29,14,6
1,48,17,7,4,0,48,19,11,5,5
1,64,24,6,0,0,64,31,21,9,5
0,188,83,29,17,4,184,56,22,4,0
0,52,17,11,5,5,52,8,6,0,0
0,56,20,8,5,4,56,8,0,0,0
1,64,8,0,0,0,68,29,11,5,5
1,28,4,4,4,0,28,7,5,5,5
1,116,35,7,4,0,116,30,8,5,5
0,20,5,5,5,5,16,6,0,0,0
0,36,13,11,5,5,36,7,3,0,0
1,68,19,7,4,0,72,21,11,5,5
1,52,13,3,0,0,52,22,14,5,4
1,52,9,3,0,0,52,16,8,5,5
0,56,28,8,5,5,52,15,3,0,0
0,136,62,42,21,4,136,35,3,0,0
1,80,27,7,4,0,84,19,11,5,5
1,164,46,16,4,0,164,64,24,9,5
1,64,16,4,4,0,64,24,10,4,1
0,40,11,5,5,5,36,7,3,0,0
1,24,4,0,0,0,28,11,5,5,5
1,192,69,21,12,0,192,71,19,4,1
1,68,36,14,8,0,68,21,11,5,5
0,32,11,5,5,4,28,11,3,0,0
1,188,62,10,4,0,192,68,36,21,5
1,100,19,7,4,0,100,34,24,9,4
0,52,23,5,5,4,48,10,0,0,0
0,72,20,8,5,5,72,22,12,0,0
1,48,13,3,0,0,52,20,8,5,4
0,144,51,15,9,5,140,38,10,4,0
0,76,25,5,5,5,76,24,6,0,0
1,176,64,20,8,0,180,55,19,13,5
1,120,46,14,8,0,120,42,24,9,4
0,44,15,9,9,5,40,10,0,0,0
1,32,2,0,0,0,36,9,5,5,5
0,60,18,8,5,5,56,17,11,8,0
0,200,70,24,9,4,200,75,25,4,0
1,44,14,8,8,0,48,35,19,13,5
0,216,74,32,17,5,212,88,40,16,0
1,56,8,0,0,0,60,9,5,5,5
1,76,24,16,4,0,76,23,11,5,4
1,120,36,14,8,0,120,35,19,13,5
0,32,5,5,5,5,28,10,0,0,0
1,16,3,3,0,0,20,5,5,5,5
0,128,51,21,9,5,124,41,19,4,0
0,168,72,34,25,5,168,65,21,12,0
1,44,6,0,0,0,48,12,8,5,5
1,72,13,3,0,0,72,22,14,5,5
0,140,45,17,5,5,136,41,19,4,0
1,160,58,18,0,0,164,56,34,13,5
0,164,108,66,12,1,164,107,19,4,0
0,20,5,5,5,4,20,12,0,0,0
0,20,5,5,5,4,20,12,0,0,0
0,20,5,5,5,4,20,12,0,0,0
1,16,9,3,0,0,20,5,5,5,4
1,20,10,6,0,0,20,5,5,5,4
1,20,10,6,0,0,20,5,5,5,4
0,36,14,10,4,1,36,16,0,0,0
1,136,66,62,56,0,140,67,63,57,5
